1 1474094.09881
101 203051.978261
201 54175.2134387
300 123.907114625
300 631926.250988
300 2091.92490119
300 2193901.23913
300 1801923.62253
300 3807.73517787
300 1665991.47431
300 1242131.0336
300 40231.4189723
300 357.001976285
300 1088009.06522
300 4225.99209486
300 2957.26679842
301 14280.041502
310 683473.167984
310 5659.04150198
310 12360.1956522
310 246.424901186
310 1485.87549407
310 1721.17391304
310 1551.40909091
310 197.87944664
310 83750.187747
310 30128.6976285
310 42661.1027668
310 2266.10474308
310 4203018.00988
320 2140024.93281
320 38502.6956522
320 10441.2055336
320 1937.52964427
320 3725533.56126
320 8546.27470356
320 5068.62648221
320 7268.95849802
320 76083.9387352
320 41403.3596838
320 612.845849802
320 7840.756917
320 182478.843874
330 2323.76679842
330 14420.0869565
330 11471.8675889
330 2792.38142292
330 6421.13438735
330 4223.35968379
330 2189264.23518
330 29.3280632411
330 12296.4110672
330 66574.7549407
330 2593.13043478
330 42.9782608696
330 29196.4525692
340 20489.9802372
340 469.345849802
340 10420.4822134
340 20691.5948617
340 31921.8774704
340 21.6086956522
340 1287969.11067
340 12238.6640316
340 249.231225296
340 15807.1996047
340 1948716.57115
340 7668.27075099
340 7651.11462451
350 77430.9743083
350 15843.5849802
350 1521.18577075
350 6768.12055336
350 67.3754940711
350 2194.40711462
350 29468.2529644
350 10422.6007905
350 16090.6976285
350 18286.8498024
350 10541.5355731
350 14597.6679842
350 7000.70750988
360 1540201.46245
360 816.90513834
360 62.8102766798
360 5911.8715415
360 2060.56719368
360 5834.57312253
360 620754.922925
360 801489.098814
360 33866.2944664
360 5478413.56719
360 12029.3636364
360 24109.4920949
360 1394036.47826
370 1746526.25494
370 1015.17786561
370 3739.76284585
370 34801.7075099
370 8078.75889328
370 711857.215415
370 5346.49802372
370 1535870.99802
370 3485.26284585
370 3614.97628458
370 1343.88142292
370 2492.02964427
370 12018.1245059
380 1681865.22134
380 30.6600790514
380 4242.02173913
380 19626.0849802
380 6633.93675889
380 2957.61462451
380 2257.06324111
380 214.339920949
380 35208.2233202
380 3846.35573123
380 8.89328063241
380 15287.2766798
380 249.972332016
390 18723.4268775
390 50222.0533597
390 719849.409091
390 14228.5454545
390 149055.047431
390 741216.907115
390 883513.709486
390 19842.6264822
390 1284.44268775
390 819.608695652
390 21712.3418972
390 2938.53754941
390 141011.43083
400 19425.0217391
400 663.211462451
400 7952.46442688
400 551.73715415
400 55343.3300395
400 2066.66798419
400 149913.91502
400 35170.4960474
400 2977.92687747
400 19305.1047431
400 132.219367589
400 316.877470356
400 240.092885375
400 24020.5573123
400 40379.0909091
401 9664.12648221
410 8016.01778656
410 558738.596838
410 1235000.80435
410 4177.00395257
410 2758.48221344
410 18182.7173913
410 17054.0968379
410 27134.9545455
410 6715.40118577
410 3634.45652174
410 2025.30434783
410 1716280.55138
410 74231.055336
410 12921.1561265
420 2792.16205534
420 19131.2826087
420 888.519762846
420 2505.41897233
420 59390.9644269
420 101015.175889
420 1346.33794466
420 18298.2272727
420 11445.3794466
420 592137.889328
420 8797.99407115
420 15473.2924901
420 1353591.24308
420 227524.924901
425 3514.7826087
430 16813.2470356
430 1736.55533597
430 239.075098814
430 4575.48221344
430 398.537549407
430 1094.52173913
430 260538.063241
430 17857.7312253
430 1609.12450593
430 896148.590909
430 529742.385375
430 452.150197628
430 28124.2885375
430 12096.0948617
440 12995.6561265
440 6036.0
440 1858.91304348
440 2348.43675889
440 615467.270751
440 3187.67786561
440 959803.5
440 12516.5296443
440 196.114624506
440 309100.055336
440 5269.6541502
440 491.339920949
440 666327.397233
440 2169.21146245
450 14796.513834
450 269077.434783
450 1127949.15415
450 1453.243083
450 1744543.93874
450 1811274.58103
450 17905.1758893
450 32700.1758893
450 42.0770750988
450 4964.95454545
450 17526.2885375
450 41479.5019763
450 30490.486166
450 2380.33003953
450 5266.71343874
460 2079524.85178
460 7107.16205534
460 3150.75494071
460 1237.05731225
460 59097.9505929
460 1963.53359684
460 55696.5118577
460 24077.6324111
460 368.97826087
460 26973.201581
460 10779.3498024
460 36.5711462451
460 3573353.33992
460 11380.9466403
470 16383.8458498
470 7794.50197628
470 6556.9229249
470 1608780.27866
470 6554.49011858
470 108.21541502
470 601.383399209
470 19604.2272727
470 26709.2687747
470 9433.7826087
470 98.3280632411
470 111.636363636
470 30298.1225296
470 3979.52964427
475 304.630434783
480 661910.800395
480 21214.5770751
480 23797.8992095
480 305129.77668
480 28875.7964427
480 23412.1936759
480 1439.79051383
480 12392.0928854
480 1966.59288538
480 4764.62252964
480 1230753.82213
480 3014.84189723
480 2017.00790514
480 1710.1284585
490 10536.1600791
490 4.80830039526
490 19267.0158103
490 348.743083004
490 7651.47233202
490 2939.97035573
490 996053.34585
490 7883.96442688
490 5589.30237154
490 15787.2628458
490 140.18972332
490 67167.7114625
490 307.648221344
490 9643.24505929
500 14912.770751
500 184.442687747
500 374.849802372
500 1296.06521739
500 2863633.14822
500 19748.1047431
500 45.8913043478
500 6417.77865613
500 8401.25296443
500 60441.2944664
500 1675854.02569
500 234772.438735
500 1782942.32806
500 352439.94664
500 11032.5434783
501 184.114624506
510 4044.62450593
510 7068.41304348
510 922.249011858
510 2554.88735178
510 147800.268775
510 229.986166008
510 16035.1264822
510 2.92292490119
510 6689.05731225
510 36237.8537549
510 109.666007905
510 3968.02964427
510 4444.20355731
510 17862.5928854
520 56922.8063241
520 7006.12252964
520 633.835968379
520 12731.6343874
520 8038.95849802
520 1153612.52569
520 6603.8458498
520 6935.50790514
520 16471.3754941
520 23469.5
520 2702.58102767
520 404.669960474
520 1751.41699605
520 3706.70355731
525 15686.1422925
530 10203.3162055
530 7223.98023715
530 51887.3280632
530 16254.8162055
530 268.523715415
530 7194.59486166
530 3405.40316206
530 38246.5750988
530 19.5256916996
530 4551.54150198
530 6066.32608696
530 1066.51185771
530 14920.6225296
530 5030.96442688
540 3619.70355731
540 224289.106719
540 3756.3201581
540 923.814229249
540 2252.30632411
540 392.081027668
540 28702.9841897
540 1759.48814229
540 889.656126482
540 17.7806324111
540 899.286561265
540 1388461.16798
540 1259.90513834
540 10142.2786561
550 166.869565217
550 976.369565217
550 56.4644268775
550 7622.89525692
550 1105228.52964
550 1314158.66403
550 61519.4664032
550 1594.00790514
550 1418026.88142
550 1283.60869565
550 10328.8735178
550 11036.3498024
550 4967944.31621
550 25459.4189723
550 661.664031621
560 10512.6501976
560 16488.7213439
560 4358.94466403
560 711.932806324
560 2089.65217391
560 2416.5256917
560 4254.69367589
560 25214.3577075
560 1097.59090909
560 15.2648221344
560 20153.2193676
560 16293.4209486
560 1655.17391304
560 52601.1541502
570 7968.98418972
570 3403.7826087
570 893697.29249
570 7651.39328063
570 2820.59486166
570 19533.8379447
570 2893.83003953
570 2397661.74704
570 4723.35573123
570 10350.3913043
570 147436.588933
570 20027.5909091
570 5465.00988142
570 1885621.36561
575 405214.171937
580 43007.7865613
580 5110.47826087
580 19790.2687747
580 8047.94664032
580 10037.8201581
580 3529.45059289
580 541.0
580 3586.92094862
580 11649.2312253
580 1832.2944664
580 34540.5158103
580 5566.35573123
580 656331.612648
580 27053.6403162
590 9755.27667984
590 12944.8478261
590 18522.3003953
590 20001.812253
590 2930320.90711
590 292226.63834
590 2800.3083004
590 23231.9486166
590 6426.56916996
590 23559.4426877
590 2669.63438735
590 5365.07509881
590 1791333.88538
590 1796340.36759
600 15153.9407115
601 4183.12252964
625 34159.6225296
650 15233.7173913
675 28577.9466403
700 1878.80039526
701 3736.19960474
725 40.8557312253
750 7745.35375494
775 2754.92687747
800 2024.63833992
825 1304752.6166
850 15764.8003953
1000 3257.73320158
1100 5878.75296443
1200 335586.426877
1300 220.130434783
1400 1033895.97233
1500 489.988142292
1600 1246498.90119
1600 2754.08102767
1800 405.721343874
2000 627.822134387
2000 2132.6027668
