1 1214.12276925
1 1214.12276925
2 2412.89325616
2 1490.59415628
3 1460.5755248
3 1219.11070663
4 2524.31335476
4 753.375467388
5 1985.43206785
5 1191.02533467
6 2851.55202696
6 1892.67340829
7 756.788433581
7 748.589630427
8 2815.71419692
8 3556.27649875
9 731.631517819
9 3364.75202353
20 1854.38494539
20 1638.78862098
40 239.542040836
40 647.220989988
60 598.519750137
60 870.03289543
80 201.765140539
80 302.716730579
200 63.1665875805
200 445.218911825
300 54.1825161772
300 1367.90729495
400 377.999414434
400 53.9274875462
500 67.6354737712
500 38.9360984543
600 43.5880826444
600 8.7122420797
700 84.667601636
700 15.8635485914
800 69.2145658549
800 39.1483950877
900 95.0880079138
900 956.242979772
1200 961.455607595
1400 946.902378614
1600 24.68236957
