100 0.350756
200 0.847804
300 1.072415
400 1.417409
500 1.78524
600 2.240816
700 2.555815
800 2.983451
900 3.389274
1000 3.737292
2000 7.857016
3000 11.679512
4000 15.746984
5000 19.200642
6000 22.845999
7000 26.810027
8000 30.4935
9000 34.365321
10000 38.115013
11000 42.393844
12000 46.585944
13000 50.532573
14000 54.447248
15000 58.876875
16000 63.221882
17000 67.423173
18000 71.320031
19000 75.956952
20000 79.5594
21000 88.118355
22000 95.672775
23000 94.558187
24000 97.487395
25000 100.477042
26000 105.523766
27000 109.909825
28000 114.329311
29000 119.255133
30000 121.974091
31000 128.24052
32000 131.80985
33000 137.197425
34000 141.296884
35000 146.001946
36000 149.171015
37000 155.321377
38000 158.19964
39000 163.895837
40000 166.816309
41000 176.24269
42000 176.829461
43000 183.936704
44000 193.400482
45000 199.257089
46000 208.010854
47000 206.446586
48000 206.344347
49000 210.016447
