1 84.080015 0.058515
2 176.896353 0.110762
3 186.423234 0.11832
4 188.776115 0.111463
5 181.217092 0.111034
6 176.160666 0.11617
7 184.008715 0.11419
8 184.418063 0.112659
9 175.15798 0.115924
10 175.737317 0.117091
20 177.069783 0.114686
30 173.407162 0.109512
40 188.041494 0.107791
50 193.996239 0.114682
60 200.655217 0.111071
70 206.636239 0.119387
80 215.168345 0.114079
90 224.694659 0.109161
100 233.448185 0.106415
200 325.013105 0.109041
300 435.875466 0.105528
400 557.751906 0.106566
500 706.023219 0.110744
600 837.034974 0.120835
700 1113.896003 0.12824
800 1112.693213 0.143684000001
900 1272.76657 0.139298999999
