1 63.632578 0.054697
2 65.402005 0.111511
3 66.937343 0.116227
4 66.658508 0.110104
5 68.271495 0.110962
6 68.750029 0.112837
7 70.369063 0.111339
8 70.621144 0.120643
9 72.075031 0.121509
10 73.058039 0.11607
20 83.695572 0.113136
30 85.694115 0.11727
40 96.156993 0.113735
50 107.213137 0.117516
60 118.100343 0.119284
70 121.140319 0.119927
80 132.783747 0.116984
90 147.580577 0.119841
100 146.930677 0.125605
200 245.384189 0.129445
300 357.632363 0.134474
400 491.44134 0.140454
500 639.919083 0.146424
600 795.499751 0.144485
700 975.849981 0.152519
