100 0.463113
200 1.383201
300 2.334917
400 3.149858
500 3.852415
600 4.62907
700 5.268155
800 5.895422
900 6.725745
1000 7.270537
2000 13.347807
3000 19.02473
4000 24.549957
5000 29.993518
6000 35.967053
7000 44.369618
8000 48.411161
9000 51.224096
10000 57.073226
11000 62.362831
12000 71.555106
13000 87.607846
14000 94.906896
15000 119.941276
16000 126.849282
17000 135.759223
18000 146.179768
19000 132.791793
20000 128.034424
21000 158.634404
22000 160.496825
23000 170.794833
24000 183.274963
25000 168.101716
26000 169.934424
27000 172.094431
28000 178.923726
