1 1214.1227692494692
101 362.12276814500353
201 130.20865741723935
300 178.00271459503082
301 143.82314430542812
310 103.89739161403428
320 170.89688428786525
330 96.32711478851633
340 143.2068144314369
350 92.26507396366189
360 100.77998185701365
370 67.86578535705603
380 91.68539394281949
390 106.50790948375618
400 111.41626005211268
400 92.14056326727116
400 52.302442147092904
401 73.9553331704347
410 52.161254228497995
410 51.07250910000408
420 83.2025363516041
420 45.66766441498843
425 43.01645057138025
430 28.12707612011956
430 87.11777045385172
440 67.30542149671155
440 130.93124949720752
450 33.28051810564253
450 32.47440463688287
450 27.84790708211301
460 34.817196241943435
460 29.855647435518797
470 25.16275087547067
470 46.58081930655578
475 26.156756093369072
480 45.648684225725496
480 52.333171789697595
490 26.82404973655171
490 25.153756428235525
500 36.74966053462263
500 38.742894286694685
500 28.085590527119063
501 17.63435158238034
510 39.248524052758974
510 18.18074601582674
520 24.731043365151418
520 20.06974006814737
525 20.023948112797335
530 22.2328674546717
530 18.104767568129674
540 28.24347138524229
540 15.093974401760459
550 18.245254946505955
550 29.767511536623278
550 22.172696238797844
560 17.18120123533276
560 18.15267921949815
570 18.942183720759335
570 19.542039411177125
575 15.373029614425388
580 16.431436177705223
580 14.138711470816569
590 13.193902052956131
590 16.905748957854545
600 12.142191166506976
600 16.598966585302833
625 12.682657543748471
650 10.659665027476239
675 8.912397547209167
700 6.066821582237275
700 8.882745186894645
725 7.753362142058115
750 8.360574710281584
750 5.258533437470946
775 4.8674120027690275
775 4.7398737495950245
800 5.231592990418884
800 4.814134328007476
800 6.721742198403625
825 4.62806356179342
850 7.349007085198653
875 4.574590415589138
900 3.4885470434408647
1000 3.729754307417581
1000 2.932036484196607
1100 2.4178192245016996
1200 2.3176586249877267
1300 2.1959358796080544
1400 1.8792606400816252
1500 1.829706557609717
1600 1.6916441939870217
1600 1.7804382815222772
1700 1.7108119330773912
1800 1.6466518911385004
1800 1.6526419141604753
1900 1.6224706675900185
2000 1.5836366812940397
2000 1.5692197401543226
2200 1.5257992138908711
2200 1.5836366812940397
2400 1.5134443610486643
2400 1.5134443610486643
2600 1.5134443610486643
2600 1.528387509583221
