1 1474094.09881
101 131132.899209
201 16954.2944664
301 20685.0968379
400 12413.583004
400 8489.88339921
401 5469.39130435
410 2720.79644269
420 6922.66205534
425 1850.41501976
430 791.132411067
440 4530.01976285
450 1107.59288538
450 1054.58695652
460 1212.23715415
470 633.164031621
475 684.175889328
480 2083.80237154
490 719.529644269
500 1350.53754941
500 1501.01185771
501 310.970355731
510 1540.44664032
520 611.624505929
525 400.958498024
530 494.300395257
540 797.693675889
550 332.889328063
550 886.104743083
560 295.193675889
570 358.806324111
575 236.330039526
580 269.992094862
590 174.079051383
600 147.432806324
600 275.5256917
625 160.849802372
650 113.628458498
675 79.4308300395
700 36.8063241107
700 78.9031620553
725 60.1146245059
750 69.8992094862
750 27.652173913
775 23.6916996047
775 22.4664031621
800 27.3695652174
800 23.1758893281
800 45.1818181818
825 21.418972332
850 54.0079051383
875 20.9268774704
900 12.1699604743
1000 13.9110671937
1000 8.59683794466
1100 5.84584980237
1200 5.37154150198
1300 4.82213438735
1400 3.53162055336
1500 3.34782608696
1600 2.86166007905
1700 2.92687747036
1800 2.71146245059
1900 2.63241106719
1600 3.16996047431
1800 2.73122529644
2000 2.50790513834
2200 2.32806324111
2400 2.29051383399
2600 2.29051383399
2000 2.46245059289
2200 2.50790513834
2400 2.29051383399
2600 2.33596837945
300 31684.9664032
310 10794.6679842
320 29205.7450593
330 9278.91304348
340 20508.1916996
350 8512.84387352
360 10156.6047431
370 4605.76482213
380 8406.21146245
390 11343.9347826
400 2735.54545455
410 2608.40118577
420 2085.53557312
430 7589.50592885
440 17142.9920949
450 775.505928854
460 891.359683794
470 2169.77272727
480 2738.76086957
490 632.711462451
500 788.800395257
510 330.539525692
520 402.794466403
530 327.782608696
540 227.828063241
550 491.628458498
560 329.519762846
570 381.891304348
580 199.903162055
590 285.804347826
